65 67 51 58
2 23
1 23 3 6
2 4 5
3 5 21 11
4 3 6
2 5 8 7
6 8 13
7 6 11 9
8 10 11
9 19 12
8 4 21 19 9
14 13 10 16
7 12 14
15 16 12 13
14 16 17
12 14 15 18
15 18 61
17 16 62 19 66
11 10 18 20
19 66 22
22 4 11
20 21 23
22 2 1 24 25
66 23 28
23 26 27
25 27
25 28 26 30
24 27 34 29 30
34 28 33 31
28 27 31
29 30 32
33 31 68
35 29 38 32
36 28 29 35
36 34 37 33
35 34 50 66
35 49 38
37 33 68 39
38 68 40
41 49 39
40 46 42 43
44 41 43
42 41 45
46 42 48
43 48 49
41 44 47 55
48 46 55
47 44 45 51 52
37 40 45 50
51 49 36
52 48 50 67 0
51 48 53
52 54 56
55 53 56
54 47 46
54 53 57
56 58 59
57 59 0
57 58 61
59 64 65
59 17 62
61 18 63
62 64 66
60 65 63
60 64 0
67 63 18 20 24 36
66 0 51
38 39 32
